u = 24;
R = 7.03;
L = 1.04*10^-3;
J = 44.2*10^-7;
a = 2.45*10^-6;
Km = 38*10^-3;
Kn = 250/60*(2*pi);
